0,273
0,270
10,135
10,75
10,212
10,220
10,197
10,255
10,245
10,238
11,22
11,2
11,3
9,7
9,6
9,1
9,4
9,2
9,3
8,17
8,12
8,11
8,4
8,2
8,3
65,3
65,2
65,1
45,2
45,0
44,3
44,2
44,1
44,0
43,4
43,3
43,2
43,1
43,0
42,4
42,3
42,2
42,1
42,0
40,5
40,4
40,3
40,2
40,1
40,0
37,6
37,5
37,4
37,3
37,2
37,1
37,0
35,6
35,5
35,4
35,3
35,2
35,1
35,0
33,6
33,5
33,4
33,3
33,2
33,1
33,0
31,5
31,4
31,3
31,2
31,1
31,0
26,4
26,3
26,2
26,1
26,0
23,3
23,2
23,1
23,0
20,3
20,2
20,1
19,3
19,2
19,1
18,3
18,1
12,3
12,2
12,1
11,30
11,29
11,28
11,27
11,26
11,25
11,24
11,23
11,21
11,19
11,18
11,17
11,16
11,15
11,14
11,11
11,10
11,9
11,8
11,7
11,1
11,4
